1 0.59609375 0.5109375 0.32421875 0.165625
1 0.24375 0.45078125 0.3796875 0.2328125
1 0.865625 0.5765625 0.2640625 0.165625
1 0.571875 0.61796875 0.303125 0.17578125
1 0.8140625 0.67578125 0.25 0.165625
1 0.2640625 0.59140625 0.33203125 0.165625
1 0.53515625 0.6890625 0.27421875 0.1390625
1 0.76953125 0.76171875 0.26171875 0.15859375
1 0.2609375 0.6875 0.31484375 0.14453125
1 0.3640625 0.1390625 0.384375 0.23046875
1 0.88359375 0.4046875 0.2328125 0.2765625
1 0.29296875 0.3109375 0.3890625 0.259375
1 0.62890625 0.3734375 0.36328125 0.24765625