1 0.61484375 0.51953125 0.3546875 0.1890625
1 0.23359375 0.4484375 0.4140625 0.2609375
1 0.88046875 0.58984375 0.2390625 0.175
1 0.5875 0.6359375 0.33125 0.196875
1 0.84453125 0.70546875 0.26875 0.1890625
1 0.253125 0.6015625 0.3625 0.1890625
1 0.54609375 0.7125 0.2984375 0.15625
1 0.7984375 0.796875 0.2859375 0.1765625
1 0.246875 0.70703125 0.3421875 0.1640625
1 0.371875 0.121875 0.421875 0.24375
1 0.9015625 0.4078125 0.196875 0.29375
1 0.28984375 0.296875 0.4265625 0.2890625
1 0.65234375 0.37109375 0.3953125 0.2765625