1 0.60625 0.55078125 0.3828125 0.259375
1 0.25703125 0.39296875 0.45625 0.340625
1 0.86328125 0.6421875 0.2640625 0.221875
1 0.64921875 0.44140625 0.3609375 0.2609375
1 0.875 0.52734375 0.25 0.2359375
1 0.359375 0.278125 0.390625 0.2625
1 0.66015625 0.35625 0.31875 0.2140625
1 0.87890625 0.4265625 0.2421875 0.225
1 0.415625 0.190625 0.3640625 0.2328125
1 0.2046875 0.74375 0.409375 0.34375
1 0.7953125 0.81796875 0.3015625 0.3375
1 0.2265625 0.546875 0.453125 0.371875
1 0.553125 0.69296875 0.4421875 0.353125