1 0.4140625 0.5640625 0.396875 0.2484375
1 0.78203125 0.43515625 0.4359375 0.3296875
1 0.146875 0.678125 0.271875 0.2171875
1 0.46015625 0.68125 0.375 0.253125
1 0.20234375 0.790625 0.3046875 0.234375
1 0.79921875 0.596875 0.4015625 0.25
1 0.5125 0.7546875 0.3328125 0.203125
1 0.2640625 0.87890625 0.3234375 0.225
1 0.81640625 0.7046875 0.3671875 0.221875
1 0.60546875 0.1359375 0.4765625 0.271875
1 0.1109375 0.48984375 0.221875 0.3359375
1 0.71875 0.28515625 0.4875 0.3625
1 0.35390625 0.41484375 0.4546875 0.3453125