0 0.65234375 0.525 0.3609375 0.1515625
0 0.24375 0.50625 0.415625 0.2203125
0 0.91171875 0.55859375 0.1765625 0.1515625
0 0.63984375 0.64921875 0.3359375 0.1625
0 0.890625 0.68359375 0.2078125 0.1625
0 0.28671875 0.6640625 0.3703125 0.15
0 0.60859375 0.7359375 0.303125 0.1234375
0 0.86484375 0.78515625 0.2484375 0.146875
0 0.29609375 0.77421875 0.3515625 0.1265625
0 0.3390625 0.134375 0.4234375 0.221875
0 0.92265625 0.36171875 0.1546875 0.2828125
0 0.28046875 0.33984375 0.425 0.2515625
0 0.66875 0.3640625 0.39375 0.240625