0 0.60859375 0.4859375 0.3625 0.1921875
0 0.21796875 0.5625 0.425 0.265625
0 0.88203125 0.44921875 0.2359375 0.1796875
0 0.6265625 0.60703125 0.3390625 0.2046875
0 0.87890625 0.57109375 0.2421875 0.1890625
0 0.29609375 0.703125 0.371875 0.1921875
0 0.615625 0.69453125 0.3046875 0.159375
0 0.87109375 0.67890625 0.2578125 0.1796875
0 0.3296875 0.8046875 0.35 0.1671875
0 0.21953125 0.18828125 0.4296875 0.265625
0 0.85859375 0.25859375 0.25 0.3015625
0 0.215625 0.396875 0.43125 0.296875
0 0.58671875 0.3296875 0.4078125 0.2828125