1 0.60625 0.5453125 0.3796875 0.2421875
1 0.24140625 0.41484375 0.45 0.321875
1 0.859375 0.6578125 0.2640625 0.2109375
1 0.5609375 0.65546875 0.359375 0.2453125
1 0.80390625 0.7640625 0.2921875 0.2265625
1 0.2359375 0.56953125 0.3890625 0.24375
1 0.50859375 0.72421875 0.31875 0.1984375
1 0.74375 0.846875 0.309375 0.21875
1 0.2140625 0.67265625 0.3625 0.215625
1 0.43125 0.1328125 0.45625 0.265625
1 0.89375 0.478125 0.2125 0.321875
1 0.32109375 0.27421875 0.4671875 0.3515625
1 0.66640625 0.40390625 0.4359375 0.334375