1 0.59296875 0.51171875 0.3296875 0.1625
1 0.234375 0.4578125 0.3875 0.2296875
1 0.865625 0.5734375 0.26875 0.165625
1 0.5703125 0.6203125 0.3109375 0.1765625
1 0.815625 0.67578125 0.253125 0.1671875
1 0.25703125 0.5984375 0.3375 0.165625
1 0.53359375 0.69453125 0.2796875 0.1359375
1 0.77265625 0.76328125 0.26875 0.1578125
1 0.25546875 0.69609375 0.321875 0.14375
1 0.3515625 0.13828125 0.3921875 0.23125
1 0.88359375 0.39765625 0.2328125 0.2765625
1 0.28203125 0.3140625 0.3953125 0.259375
1 0.62265625 0.371875 0.36875 0.2484375