1 0.3890625 0.4703125 0.3609375 0.2078125
1 0.76796875 0.56640625 0.4234375 0.28125
1 0.11953125 0.4203125 0.2390625 0.184375
1 0.36484375 0.58671875 0.3390625 0.2125
1 0.11875 0.54140625 0.2375 0.2015625
1 0.684375 0.69921875 0.36875 0.2078125
1 0.36953125 0.675 0.3046875 0.1703125
1 0.12421875 0.6453125 0.2484375 0.190625
1 0.64453125 0.79765625 0.346875 0.18125
1 0.784375 0.19921875 0.43125 0.2828125
1 0.1546875 0.23515625 0.259375 0.303125
1 0.78125 0.4046875 0.4375 0.309375
1 0.41796875 0.31796875 0.40625 0.2953125