0 0.5953125 0.5109375 0.321875 0.12109375
0 0.221875 0.51171875 0.37109375 0.18046875
0 0.875 0.52890625 0.240625 0.13203125
0 0.590625 0.625 0.296875 0.1375
0 0.846875 0.64140625 0.240625 0.134375
0 0.26953125 0.65390625 0.33203125 0.11953125
0 0.56484375 0.70390625 0.271875 0.0984375
0 0.81875 0.73828125 0.25703125 0.121875
0 0.2828125 0.753125 0.315625 0.0984375
0 0.290625 0.16796875 0.375 0.18046875
0 0.88359375 0.34609375 0.2234375 0.25
0 0.24765625 0.35859375 0.375 0.209375
0 0.603125 0.36328125 0.3484375 0.203125