1 0.3984375 0.471875 0.3796875 0.2171875
1 0.78671875 0.571875 0.4265625 0.29375
1 0.1203125 0.42109375 0.240625 0.1921875
1 0.3734375 0.5953125 0.35625 0.2234375
1 0.11953125 0.5484375 0.2390625 0.209375
1 0.71015625 0.71328125 0.3890625 0.2171875
1 0.378125 0.68828125 0.3203125 0.1796875
1 0.125 0.6546875 0.25 0.2
1 0.66796875 0.8171875 0.365625 0.190625
1 0.79453125 0.18828125 0.4109375 0.2984375
1 0.15703125 0.22578125 0.2625 0.315625
1 0.790625 0.40234375 0.41875 0.3265625
1 0.42890625 0.31171875 0.428125 0.3109375