1 0.4015625 0.521875 0.3421875 0.1953125
1 0.7515625 0.43046875 0.4046875 0.26875
1 0.1390625 0.6109375 0.275 0.190625
1 0.43515625 0.628125 0.321875 0.2046875
1 0.19609375 0.7078125 0.2671875 0.1890625
1 0.74375 0.57421875 0.35 0.196875
1 0.4796875 0.69609375 0.2890625 0.165625
1 0.2484375 0.790625 0.278125 0.1828125
1 0.75625 0.67109375 0.33125 0.1734375
1 0.603125 0.1296875 0.409375 0.259375
1 0.115625 0.43984375 0.23125 0.2984375
1 0.68984375 0.29375 0.4171875 0.296875
1 0.35703125 0.3859375 0.3890625 0.2828125