1 0.37578125 0.5546875 0.4171875 0.3078125
1 0.725 0.34921875 0.503125 0.3984375
1 0.13671875 0.6734375 0.2515625 0.2453125
1 0.3171875 0.44375 0.396875 0.30625
1 0.11484375 0.55390625 0.2296875 0.2578125
1 0.6046875 0.240625 0.4265625 0.3109375
1 0.296875 0.35546875 0.3484375 0.2546875
1 0.1046875 0.45078125 0.209375 0.2484375
1 0.5359375 0.1546875 0.396875 0.278125
1 0.7953125 0.709375 0.409375 0.403125
1 0.21015625 0.8328125 0.3328125 0.334375
1 0.76015625 0.50703125 0.4796875 0.4328125
1 0.446875 0.696875 0.4890625 0.409375