1 0.40625 0.5203125 0.321875 0.1609375
1 0.75859375 0.4625 0.37734375 0.22578125
1 0.1296875 0.546875 0.259375 0.1609375
1 0.39296875 0.4125 0.303125 0.1703125
1 0.146875 0.43515625 0.24765625 0.16328125
1 0.69375 0.33671875 0.3296875 0.1609375
1 0.4046875 0.3328125 0.27421875 0.134375
1 0.1609375 0.33984375 0.26171875 0.15390625
1 0.665625 0.2453125 0.3125 0.1390625
1 0.7453125 0.796875 0.38203125 0.22578125
1 0.15 0.7203125 0.2640625 0.271875
1 0.75703125 0.61171875 0.38671875 0.25234375
1 0.41953125 0.6609375 0.3609375 0.24296875