0 0.35 0.50859375 0.3546875 0.1609375
0 0.74453125 0.553125 0.4140625 0.2328125
0 0.0921875 0.49921875 0.184375 0.1578125
0 0.34140625 0.63046875 0.33125 0.1765625
0 0.1015625 0.6203125 0.203125 0.165625
0 0.6796875 0.69609375 0.3625 0.1609375
0 0.36015625 0.71796875 0.3 0.134375
0 0.11484375 0.725 0.2296875 0.15625
0 0.653125 0.79921875 0.3453125 0.1375
0 0.71015625 0.18203125 0.41875 0.2328125
0 0.10078125 0.30703125 0.1921875 0.28125
0 0.734375 0.38828125 0.4203125 0.2625
0 0.35703125 0.35234375 0.3921875 0.253125