1 0.41875 0.52265625 0.3640625 0.225
1 0.7765625 0.4015625 0.43125 0.303125
1 0.1515625 0.63359375 0.296875 0.215625
1 0.4609375 0.63046875 0.34375 0.234375
1 0.21953125 0.73125 0.2875 0.2140625
1 0.77890625 0.55234375 0.371875 0.2265625
1 0.5125 0.69921875 0.3078125 0.1890625
1 0.2796875 0.8140625 0.3 0.209375
1 0.79765625 0.65078125 0.3484375 0.2015625
1 0.60078125 0.1234375 0.4328125 0.246875
1 0.121875 0.4609375 0.24375 0.325
1 0.70234375 0.2640625 0.4453125 0.334375
1 0.36328125 0.3859375 0.4171875 0.31875