1 0.4125 0.521875 0.3734375 0.221875
1 0.78203125 0.41015625 0.4359375 0.3015625
1 0.14375 0.6265625 0.2796875 0.2109375
1 0.453125 0.63515625 0.3546875 0.2328125
1 0.1984375 0.73046875 0.29375 0.215625
1 0.784375 0.56484375 0.38125 0.225
1 0.503125 0.7078125 0.3171875 0.1859375
1 0.2578125 0.81796875 0.3078125 0.2078125
1 0.80078125 0.66875 0.3609375 0.2
1 0.61484375 0.11875 0.4484375 0.2375
1 0.11328125 0.44140625 0.2265625 0.3234375
1 0.71484375 0.26484375 0.4578125 0.334375
1 0.359375 0.378125 0.428125 0.31875