1 0.61640625 0.525 0.34609375 0.18515625
1 0.24375 0.45078125 0.40625 0.2546875
1 0.884375 0.55625 0.23046875 0.1703125
1 0.63359375 0.41015625 0.32421875 0.1921875
1 0.88046875 0.440625 0.2390625 0.184375
1 0.3171875 0.3171875 0.35546875 0.18515625
1 0.625 0.32421875 0.290625 0.1515625
1 0.87265625 0.34140625 0.2546875 0.1734375
1 0.35078125 0.2203125 0.33671875 0.1609375
1 0.2453125 0.80625 0.41328125 0.25703125
1 0.85703125 0.740625 0.240625 0.28828125
1 0.2390625 0.6078125 0.41796875 0.28359375
1 0.59609375 0.67421875 0.3890625 0.26953125