1 0.6203125 0.51328125 0.36875 0.2234375
1 0.23671875 0.47734375 0.4375 0.3
1 0.884375 0.515625 0.23125 0.196875
1 0.625 0.3953125 0.346875 0.228125
1 0.8734375 0.40078125 0.253125 0.2109375
1 0.296875 0.33515625 0.378125 0.2234375
1 0.60703125 0.309375 0.309375 0.184375
1 0.85546875 0.30078125 0.26875 0.2015625
1 0.31953125 0.2328125 0.35625 0.1984375
1 0.275 0.8359375 0.44375 0.303125
1 0.87421875 0.70390625 0.2515625 0.3171875
1 0.24765625 0.63671875 0.4515625 0.3296875
1 0.615625 0.665625 0.421875 0.3125