1 0.60859375 0.4828125 0.384375 0.259375
1 0.2265625 0.5109375 0.453125 0.34375
1 0.8734375 0.48515625 0.253125 0.2328125
1 0.61171875 0.60078125 0.3640625 0.2640625
1 0.86328125 0.5984375 0.2734375 0.240625
1 0.28046875 0.65390625 0.3921875 0.2609375
1 0.590625 0.68515625 0.325 0.21875
1 0.8484375 0.70078125 0.303125 0.2359375
1 0.30234375 0.75625 0.36875 0.234375
1 0.2671875 0.16171875 0.459375 0.3234375
1 0.859375 0.3015625 0.271875 0.340625
1 0.23828125 0.3515625 0.4765625 0.375
1 0.60625 0.33046875 0.446875 0.3546875