0 0.5734375 0.540625 0.3484375 0.153125
0 0.1921875 0.51015625 0.384375 0.2234375
0 0.86640625 0.58515625 0.265625 0.159375
0 0.5578125 0.6609375 0.3265625 0.16875
0 0.82734375 0.7015625 0.265625 0.1640625
0 0.2171875 0.66171875 0.3578125 0.1546875
0 0.52421875 0.74296875 0.296875 0.128125
0 0.7875 0.80078125 0.28125 0.153125
0 0.2234375 0.76640625 0.340625 0.13125
0 0.284375 0.15546875 0.4125 0.2234375
0 0.8796875 0.39609375 0.240625 0.2828125
0 0.221875 0.35078125 0.4140625 0.2546875
0 0.596875 0.3875 0.3859375 0.24375