1 0.38515625 0.51796875 0.3484375 0.1375
1 0.78359375 0.52734375 0.4 0.203125
1 0.1078125 0.53046875 0.215625 0.1421875
1 0.3875 0.64140625 0.3234375 0.15
1 0.1203125 0.65625 0.240625 0.153125
1 0.73203125 0.678125 0.3578125 0.134375
1 0.4125 0.72734375 0.2953125 0.1109375
1 0.140625 0.7578125 0.2765625 0.1359375
1 0.71484375 0.78515625 0.340625 0.1125
1 0.7171875 0.159375 0.4078125 0.203125
1 0.1015625 0.3390625 0.2015625 0.271875
1 0.76015625 0.36328125 0.4078125 0.23125
1 0.37890625 0.36015625 0.3765625 0.2234375