1 0.37265625 0.4875 0.3390625 0.128125
1 0.76328125 0.48984375 0.3875 0.19375
1 0.103125 0.50546875 0.20625 0.1359375
1 0.37734375 0.6078125 0.3140625 0.140625
1 0.11640625 0.62734375 0.2328125 0.146875
1 0.715625 0.63828125 0.35 0.1265625
1 0.403125 0.6921875 0.2875 0.103125
1 0.1375 0.7265625 0.26875 0.128125
1 0.70078125 0.74375 0.33125 0.103125
1 0.6921875 0.1296875 0.396875 0.19375
1 0.09453125 0.3171875 0.1890625 0.2625
1 0.7375 0.32890625 0.396875 0.2203125
1 0.3640625 0.3328125 0.365625 0.2125