1 0.6390625 0.48125 0.378125 0.2203125
1 0.2546875 0.5875 0.4453125 0.2984375
1 0.8953125 0.4296875 0.209375 0.19375
1 0.665625 0.60078125 0.35625 0.2265625
1 0.896875 0.5515625 0.20625 0.20625
1 0.3421875 0.7203125 0.3890625 0.2203125
1 0.6625 0.69140625 0.3171875 0.1796875
1 0.890625 0.65703125 0.21875 0.1953125
1 0.38359375 0.82109375 0.3640625 0.19375
1 0.23046875 0.21328125 0.453125 0.2984375
1 0.86640625 0.23828125 0.25 0.31875
1 0.2375 0.421875 0.4609375 0.328125
1 0.60625 0.32734375 0.4296875 0.3125