1 0.61875 0.49765625 0.3296875 0.125
1 0.2390625 0.5 0.37734375 0.1875
1 0.8890625 0.5171875 0.2140625 0.13203125
1 0.6140625 0.6140625 0.30546875 0.13671875
1 0.875 0.63359375 0.240625 0.1421875
1 0.2859375 0.64453125 0.3390625 0.12265625
1 0.5890625 0.69609375 0.27890625 0.10078125
1 0.84765625 0.7296875 0.26171875 0.125
1 0.30078125 0.74609375 0.321875 0.10078125
1 0.30859375 0.15 0.384375 0.1875
1 0.896875 0.33203125 0.19453125 0.2546875
1 0.2640625 0.34375 0.384375 0.2140625
1 0.62734375 0.34765625 0.35546875 0.20703125