1 0.39609375 0.49921875 0.3640625 0.2484375
1 0.76015625 0.4953125 0.4359375 0.328125
1 0.134375 0.52109375 0.26875 0.2328125
1 0.40234375 0.6109375 0.346875 0.2546875
1 0.15 0.63125 0.2921875 0.23125
1 0.71640625 0.63359375 0.371875 0.25
1 0.42890625 0.6890625 0.3078125 0.209375
1 0.18125 0.725 0.3015625 0.2265625
1 0.7046875 0.73046875 0.3484375 0.225
1 0.6875 0.16328125 0.440625 0.3265625
1 0.13671875 0.3515625 0.2734375 0.33125
1 0.7328125 0.346875 0.4515625 0.359375
1 0.38515625 0.35625 0.425 0.3421875