0 0.60859375 0.48125 0.3546875 0.159375
0 0.2125 0.51796875 0.4125 0.2296875
0 0.88828125 0.47578125 0.2234375 0.1578125
0 0.6140625 0.603125 0.33125 0.1703125
0 0.87890625 0.5984375 0.2421875 0.16875
0 0.27421875 0.66484375 0.365625 0.159375
0 0.59609375 0.690625 0.3 0.1296875
0 0.86328125 0.70234375 0.2734375 0.1546875
0 0.29921875 0.7703125 0.346875 0.1359375
0 0.253125 0.1453125 0.41875 0.2296875
0 0.88203125 0.28203125 0.2234375 0.284375
0 0.22421875 0.35234375 0.421875 0.2578125
0 0.60390625 0.32265625 0.390625 0.246875