1 0.64921875 0.521875 0.3828125 0.2234375
1 0.25859375 0.4203125 0.45 0.3015625
1 0.89453125 0.6140625 0.209375 0.1953125
1 0.61171875 0.640625 0.3609375 0.228125
1 0.85859375 0.7296875 0.2609375 0.2125
1 0.26796875 0.58046875 0.3921875 0.2234375
1 0.5640625 0.71640625 0.3203125 0.18125
1 0.81875 0.82265625 0.3109375 0.2046875
1 0.2546875 0.68984375 0.3671875 0.1953125
1 0.425 0.11640625 0.453125 0.2328125
1 0.92109375 0.4234375 0.1578125 0.315625
1 0.328125 0.2671875 0.465625 0.33125
1 0.69765625 0.36953125 0.434375 0.315625