1 0.5828125 0.5265625 0.328125 0.1359375
1 0.21015625 0.5046875 0.38125 0.2
1 0.8703125 0.52109375 0.259375 0.14375
1 0.5828125 0.41171875 0.30625 0.15
1 0.84296875 0.409375 0.2484375 0.146875
1 0.2640625 0.3671875 0.3375 0.1359375
1 0.5625 0.33046875 0.278125 0.1125
1 0.81796875 0.31171875 0.2640625 0.1359375
1 0.2828125 0.26796875 0.321875 0.1125
1 0.26015625 0.85078125 0.3875 0.1984375
1 0.8703125 0.7046875 0.253125 0.2609375
1 0.22734375 0.659375 0.3875 0.228125
1 0.5828125 0.6734375 0.359375 0.221875