0 0.6125 0.5265625 0.3546875 0.178125
0 0.22578125 0.46640625 0.4140625 0.2484375
0 0.88203125 0.58828125 0.2359375 0.1703125
0 0.58984375 0.64375 0.33125 0.1921875
0 0.84921875 0.70234375 0.265625 0.178125
0 0.25234375 0.62109375 0.3640625 0.178125
0 0.54921875 0.721875 0.2984375 0.146875
0 0.8078125 0.7984375 0.2859375 0.16875
0 0.25 0.7265625 0.34375 0.153125
0 0.3546875 0.12265625 0.41875 0.2453125
0 0.90078125 0.4 0.1984375 0.290625
0 0.278125 0.31171875 0.4234375 0.2796875
0 0.64609375 0.37421875 0.39375 0.2671875