0 0.371875 0.50859375 0.34375 0.1390625
0 0.7625 0.525 0.396875 0.20625
0 0.10234375 0.51875 0.2046875 0.14375
0 0.371875 0.62890625 0.3203125 0.1515625
0 0.1140625 0.63984375 0.228125 0.1546875
0 0.70859375 0.671875 0.353125 0.1375
0 0.39453125 0.7140625 0.290625 0.1125
0 0.13203125 0.740625 0.2640625 0.1375
0 0.690625 0.77734375 0.3359375 0.115625
0 0.703125 0.16171875 0.403125 0.20625
0 0.0984375 0.328125 0.1953125 0.2703125
0 0.74140625 0.36328125 0.4046875 0.234375
0 0.36796875 0.353125 0.3734375 0.225