1 0.6328125 0.49453125 0.35 0.196875
1 0.26484375 0.5890625 0.4125 0.2703125
1 0.8890625 0.44921875 0.221875 0.1796875
1 0.65703125 0.609375 0.3296875 0.2078125
1 0.8890625 0.559375 0.221875 0.190625
1 0.3453125 0.7171875 0.3546875 0.1984375
1 0.6515625 0.69453125 0.296875 0.1671875
1 0.88359375 0.66328125 0.2328125 0.1859375
1 0.38359375 0.81171875 0.3375 0.175
1 0.24765625 0.2328125 0.4171875 0.271875
1 0.85859375 0.265625 0.246875 0.2921875
1 0.2515625 0.43125 0.425 0.2984375
1 0.60546875 0.34609375 0.3953125 0.2875