0 0.61484375 0.475 0.35 0.190625
0 0.2421875 0.55625 0.4109375 0.2625
0 0.88359375 0.43671875 0.2328125 0.1765625
0 0.63515625 0.58984375 0.328125 0.196875
0 0.88125 0.55390625 0.2375 0.1890625
0 0.31875 0.68828125 0.359375 0.190625
0 0.62734375 0.67578125 0.29375 0.15625
0 0.8734375 0.6546875 0.253125 0.178125
0 0.3546875 0.7859375 0.3390625 0.1671875
0 0.2375 0.196875 0.4171875 0.2640625
0 0.85390625 0.253125 0.24375 0.2921875
0 0.234375 0.39765625 0.4234375 0.290625
0 0.5921875 0.325 0.39375 0.2765625