0 0.63828125 0.5109375 0.353125 0.1671875
0 0.2484375 0.4640625 0.4109375 0.2375
0 0.89765625 0.5625 0.2046875 0.159375
0 0.61875 0.62890625 0.3296875 0.178125
0 0.8703125 0.68046875 0.2359375 0.171875
0 0.27890625 0.61875 0.3625 0.1671875
0 0.5828125 0.709375 0.296875 0.1375
0 0.83828125 0.775 0.275 0.159375
0 0.28125 0.725 0.3421875 0.14375
0 0.36484375 0.1171875 0.4171875 0.234375
0 0.91328125 0.37421875 0.1734375 0.2828125
0 0.29453125 0.3078125 0.4203125 0.2671875
0 0.665625 0.35703125 0.3890625 0.2546875