1 0.38359375 0.47734375 0.34609375 0.18046875
1 0.75703125 0.5453125 0.40390625 0.25
1 0.1140625 0.44921875 0.228125 0.16796875
1 0.36796875 0.5921875 0.32421875 0.1875
1 0.11796875 0.56640625 0.2359375 0.18046875
1 0.68515625 0.67890625 0.35546875 0.18046875
1 0.37890625 0.678125 0.290625 0.146875
1 0.12890625 0.665625 0.25703125 0.16796875
1 0.65390625 0.77734375 0.334375 0.15625
1 0.7484375 0.1890625 0.4109375 0.25
1 0.13828125 0.265625 0.2359375 0.2859375
1 0.759375 0.38671875 0.415625 0.2765625
1 0.4015625 0.328125 0.38671875 0.2640625