1 0.40390625 0.50625 0.31953125 0.14921875
1 0.75859375 0.46484375 0.375 0.2140625
1 0.13203125 0.5578125 0.259375 0.15390625
1 0.421875 0.6140625 0.30078125 0.16328125
1 0.178125 0.66015625 0.2453125 0.15625
1 0.73046875 0.603125 0.3265625 0.1515625
1 0.45546875 0.6875 0.271875 0.125
1 0.2171875 0.74765625 0.259375 0.146875
1 0.7296875 0.69921875 0.3125 0.1296875
1 0.65390625 0.146875 0.3796875 0.2140625
1 0.115625 0.384375 0.23046875 0.2640625
1 0.71640625 0.321875 0.38203125 0.24296875
1 0.37890625 0.36796875 0.35546875 0.2328125