1 0.38203125 0.51796875 0.34609375 0.18046875
1 0.75703125 0.4546875 0.40390625 0.25
1 0.11875 0.584375 0.2328125 0.16796875
1 0.4078125 0.63203125 0.32421875 0.1875
1 0.15390625 0.69609375 0.259375 0.18046875
1 0.7359375 0.6046875 0.35546875 0.18046875
1 0.44609375 0.7078125 0.290625 0.146875
1 0.1984375 0.7859375 0.27890625 0.16796875
1 0.7390625 0.7078125 0.334375 0.15625
1 0.62578125 0.1234375 0.4109375 0.246875
1 0.0984375 0.40234375 0.196875 0.2859375
1 0.7046875 0.30546875 0.415625 0.2765625
1 0.3484375 0.37109375 0.38671875 0.2640625