1 0.37890625 0.509375 0.3765625 0.240625
1 0.76328125 0.49375 0.4484375 0.3203125
1 0.1171875 0.4984375 0.234375 0.20625
1 0.38046875 0.390625 0.3546875 0.24375
1 0.13046875 0.38359375 0.2609375 0.221875
1 0.71171875 0.3484375 0.3859375 0.2421875
1 0.40234375 0.30625 0.315625 0.1984375
1 0.15546875 0.28515625 0.2765625 0.2125
1 0.69375 0.2453125 0.3625 0.2140625
1 0.70546875 0.84375 0.4546875 0.3125
1 0.12265625 0.6859375 0.2453125 0.328125
1 0.74375 0.65234375 0.4640625 0.35
1 0.37578125 0.66171875 0.4328125 0.33125