0 0.59609375 0.49375 0.30859375 0.1125
0 0.2390625 0.496875 0.35546875 0.1734375
0 0.87265625 0.51171875 0.24609375 0.125
0 0.59140625 0.603125 0.2859375 0.12890625
0 0.8390625 0.61875 0.23046875 0.12890625
0 0.28359375 0.63125 0.31640625 0.1125
0 0.5671875 0.68046875 0.2625 0.09453125
0 0.81015625 0.71171875 0.24609375 0.11796875
0 0.296875 0.72578125 0.303125 0.09296875
0 0.30390625 0.16796875 0.3609375 0.171875
0 0.8796875 0.3375 0.23046875 0.2390625
0 0.26328125 0.35 0.359375 0.2
0 0.6046875 0.353125 0.334375 0.19296875