1 0.6421875 0.525 0.371875 0.1734375
1 0.22734375 0.484375 0.4328125 0.246875
1 0.90390625 0.5734375 0.1921875 0.1625
1 0.6234375 0.65234375 0.3484375 0.184375
1 0.87734375 0.7 0.2234375 0.1765625
1 0.2625 0.646875 0.3828125 0.171875
1 0.5859375 0.7375 0.315625 0.1421875
1 0.8453125 0.80078125 0.2625 0.1625
1 0.26640625 0.76015625 0.3625 0.146875
1 0.34375 0.11796875 0.440625 0.2359375
1 0.9203125 0.3734375 0.159375 0.29375
1 0.2734375 0.3171875 0.44375 0.2765625
1 0.66796875 0.3625 0.4109375 0.265625