1 0.66796875 0.4921875 0.3828125 0.209375
1 0.25859375 0.4078125 0.45 0.2875
1 0.9109375 0.5640625 0.178125 0.175
1 0.6359375 0.61640625 0.359375 0.2171875
1 0.875 0.6890625 0.215625 0.1921875
1 0.27578125 0.5734375 0.3921875 0.209375
1 0.590625 0.69921875 0.3234375 0.171875
1 0.83203125 0.7859375 0.2546875 0.1828125
1 0.26875 0.6875 0.3703125 0.1828125
1 0.40859375 0.09453125 0.4515625 0.1890625
1 0.934375 0.36875 0.13125 0.303125
1 0.321875 0.2453125 0.4625 0.31875
1 0.7109375 0.3328125 0.4296875 0.303125