1 0.5796875 0.53515625 0.346875 0.178125
1 0.20234375 0.4703125 0.4046875 0.25
1 0.86328125 0.6046875 0.2734375 0.178125
1 0.55390625 0.64921875 0.325 0.1875
1 0.81328125 0.71171875 0.26875 0.178125
1 0.22421875 0.62109375 0.35625 0.178125
1 0.5140625 0.72578125 0.29375 0.15
1 0.765625 0.80390625 0.28125 0.1703125
1 0.2203125 0.72421875 0.3375 0.1546875
1 0.33125 0.13671875 0.4125 0.246875
1 0.88125 0.42109375 0.2375 0.296875
1 0.25546875 0.32109375 0.4171875 0.278125
1 0.61484375 0.3875 0.3890625 0.265625