1 0.60703125 0.5015625 0.35625 0.165625
1 0.215625 0.55234375 0.4140625 0.2375
1 0.88359375 0.48671875 0.2328125 0.1640625
1 0.61640625 0.62265625 0.33125 0.18125
1 0.87734375 0.60390625 0.2453125 0.1734375
1 0.2828125 0.69453125 0.3609375 0.1671875
1 0.60078125 0.71015625 0.3 0.140625
1 0.8640625 0.7109375 0.271875 0.1625
1 0.309375 0.796875 0.3453125 0.14375
1 0.24296875 0.1828125 0.4203125 0.2390625
1 0.8734375 0.29453125 0.2390625 0.2859375
1 0.22265625 0.3875 0.4234375 0.26875
1 0.59765625 0.34609375 0.39375 0.259375