1 0.6140625 0.49609375 0.3484375 0.209375
1 0.25078125 0.56484375 0.415625 0.284375
1 0.87421875 0.425 0.2515625 0.19375
1 0.58671875 0.3859375 0.3296875 0.21875
1 0.8359375 0.32109375 0.2734375 0.2
1 0.26953125 0.41875 0.35625 0.2109375
1 0.5484375 0.3125 0.2953125 0.175
1 0.78828125 0.23359375 0.2859375 0.19375
1 0.2640625 0.31875 0.3359375 0.1859375
1 0.38125 0.87109375 0.41875 0.2578125
1 0.88984375 0.5984375 0.2203125 0.30625
1 0.3046875 0.70859375 0.4265625 0.3125
1 0.64921875 0.6375 0.3984375 0.2984375