1 0.58828125 0.51875 0.3703125 0.2109375
1 0.21484375 0.42109375 0.4296875 0.2890625
1 0.86015625 0.61484375 0.275 0.203125
1 0.55234375 0.634375 0.3515625 0.2234375
1 0.81015625 0.72109375 0.290625 0.2078125
1 0.2171875 0.57578125 0.3796875 0.215625
1 0.50390625 0.70859375 0.315625 0.178125
1 0.7546875 0.8109375 0.30625 0.2
1 0.203125 0.6796875 0.3609375 0.1890625
1 0.36953125 0.11640625 0.4453125 0.2328125
1 0.8875 0.428125 0.225 0.31875
1 0.27578125 0.2703125 0.453125 0.3234375
1 0.63671875 0.37265625 0.4234375 0.3078125