1 0.33046875 0.52421875 0.378125 0.215625
1 0.72890625 0.49140625 0.446875 0.296875
1 0.090625 0.575 0.18125 0.2
1 0.346875 0.64609375 0.3546875 0.225
1 0.11015625 0.68671875 0.2203125 0.2046875
1 0.69296875 0.64609375 0.3859375 0.2171875
1 0.38125 0.72890625 0.31875 0.1828125
1 0.13359375 0.78671875 0.2671875 0.2015625
1 0.6875 0.75390625 0.365625 0.190625
1 0.62578125 0.13984375 0.4515625 0.2796875
1 0.08203125 0.38359375 0.1640625 0.3203125
1 0.6875 0.33125 0.459375 0.328125
1 0.3078125 0.36875 0.428125 0.3109375