1 0.63515625 0.51875 0.334375 0.13125
1 0.2546875 0.5078125 0.3859375 0.196875
1 0.896875 0.54765625 0.20625 0.140625
1 0.62578125 0.63515625 0.309375 0.1484375
1 0.88046875 0.659375 0.2328125 0.146875
1 0.296875 0.653125 0.340625 0.13125
1 0.59765625 0.71640625 0.2828125 0.1125
1 0.85546875 0.75859375 0.26875 0.134375
1 0.30703125 0.75546875 0.3265625 0.1109375
1 0.3359375 0.16015625 0.390625 0.1984375
1 0.9078125 0.36171875 0.184375 0.2609375
1 0.28515625 0.35234375 0.3921875 0.2265625
1 0.64921875 0.36953125 0.3640625 0.2203125