1 0.61640625 0.46015625 0.375 0.23125
1 0.24921875 0.5828125 0.44375 0.309375
1 0.87890625 0.39453125 0.2421875 0.2015625
1 0.64921875 0.57421875 0.3546875 0.2359375
1 0.8828125 0.51171875 0.234375 0.2140625
1 0.34140625 0.70703125 0.384375 0.2328125
1 0.65078125 0.66171875 0.3140625 0.1890625
1 0.87890625 0.61484375 0.2421875 0.2046875
1 0.3859375 0.8015625 0.359375 0.2046875
1 0.215625 0.22109375 0.43125 0.3109375
1 0.834375 0.21171875 0.278125 0.321875
1 0.2265625 0.42265625 0.453125 0.3390625
1 0.578125 0.3125 0.428125 0.321875