0 0.40078125 0.48828125 0.325 0.1515625
0 0.76015625 0.5359375 0.38125 0.21875
0 0.12578125 0.47109375 0.2515625 0.1546875
0 0.390625 0.6 0.3046875 0.165625
0 0.1390625 0.58515625 0.2484375 0.159375
0 0.6984375 0.66640625 0.3328125 0.153125
0 0.40625 0.68046875 0.2765625 0.128125
0 0.15625 0.68203125 0.2625 0.15
0 0.67265625 0.759375 0.3171875 0.13125
0 0.73515625 0.19609375 0.3859375 0.21875
0 0.13671875 0.2953125 0.2578125 0.26875
0 0.75390625 0.38515625 0.3875 0.246875
0 0.40859375 0.3453125 0.3625 0.2359375