0 0.61875 0.49765625 0.32890625 0.1234375
0 0.2390625 0.5 0.378125 0.1859375
0 0.88984375 0.51640625 0.2125 0.13359375
0 0.6140625 0.6140625 0.30546875 0.1359375
0 0.875 0.63359375 0.2390625 0.14140625
0 0.2859375 0.64453125 0.3390625 0.121875
0 0.5890625 0.69609375 0.278125 0.1
0 0.846875 0.7296875 0.2609375 0.125
0 0.30078125 0.746875 0.321875 0.1015625
0 0.309375 0.15 0.384375 0.1859375
0 0.896875 0.33203125 0.19453125 0.25546875
0 0.26484375 0.34375 0.384375 0.2140625
0 0.62734375 0.346875 0.35546875 0.20546875