1 0.59609375 0.521875 0.340625 0.16875
1 0.22578125 0.46484375 0.396875 0.2375
1 0.8703125 0.58359375 0.259375 0.1671875
1 0.5734375 0.634375 0.31875 0.1828125
1 0.828125 0.69140625 0.2609375 0.1734375
1 0.25 0.6125 0.3453125 0.16875
1 0.53515625 0.71015625 0.2875 0.1421875
1 0.7828125 0.7828125 0.2765625 0.1625
1 0.24765625 0.71328125 0.3296875 0.146875
1 0.346875 0.1359375 0.403125 0.2390625
1 0.88828125 0.40390625 0.2234375 0.2828125
1 0.27421875 0.3171875 0.40625 0.265625
1 0.628125 0.37734375 0.378125 0.2578125