1 0.384375 0.5078125 0.34375 0.165625
1 0.7625 0.45703125 0.4015625 0.2359375
1 0.11875 0.56328125 0.2375 0.1640625
1 0.40625 0.621875 0.321875 0.1796875
1 0.146875 0.675 0.2625 0.171875
1 0.73515625 0.60546875 0.35 0.165625
1 0.44296875 0.7 0.290625 0.140625
1 0.190625 0.76875 0.2796875 0.1609375
1 0.73515625 0.7078125 0.334375 0.14375
1 0.64453125 0.1203125 0.40625 0.2359375
1 0.10078125 0.38046875 0.2015625 0.2796875
1 0.71484375 0.30546875 0.4109375 0.2640625
1 0.3546875 0.36015625 0.38125 0.2546875