1 0.628125 0.528125 0.353125 0.203125
1 0.2578125 0.43125 0.415625 0.278125
1 0.88046875 0.61484375 0.234375 0.1828125
1 0.59375 0.63984375 0.3328125 0.2140625
1 0.83828125 0.72109375 0.2609375 0.1953125
1 0.26640625 0.5828125 0.3578125 0.2046875
1 0.54765625 0.7125 0.2984375 0.171875
1 0.78984375 0.8125 0.2890625 0.190625
1 0.2546875 0.68515625 0.340625 0.18125
1 0.415625 0.12421875 0.421875 0.2484375
1 0.90625 0.4359375 0.1875 0.296875
1 0.3234375 0.2859375 0.4296875 0.30625
1 0.6765625 0.384375 0.4 0.29375