1 0.3265625 0.5140625 0.3671875 0.15
1 0.74453125 0.50234375 0.421875 0.2203125
1 0.07578125 0.5421875 0.1515625 0.15
1 0.33671875 0.64140625 0.340625 0.1625
1 0.09453125 0.6703125 0.1828125 0.1625
1 0.6984375 0.6625 0.3765625 0.1484375
1 0.36796875 0.73125 0.3109375 0.121875
1 0.11953125 0.775 0.2234375 0.1453125
1 0.68671875 0.77578125 0.3578125 0.1234375
1 0.6546875 0.1203125 0.4296875 0.2203125
1 0.0640625 0.340625 0.128125 0.284375
1 0.71171875 0.33046875 0.43125 0.25
1 0.31171875 0.34921875 0.3984375 0.240625