1 0.3875 0.4953125 0.38125 0.234375
1 0.77734375 0.48359375 0.4453125 0.3140625
1 0.11953125 0.52578125 0.2390625 0.2046875
1 0.396875 0.61640625 0.359375 0.2390625
1 0.13671875 0.64375 0.2734375 0.221875
1 0.7375 0.63515625 0.390625 0.2359375
1 0.42578125 0.69921875 0.31875 0.1921875
1 0.16015625 0.74375 0.309375 0.2125
1 0.7265625 0.74140625 0.365625 0.2078125
1 0.6921875 0.14140625 0.453125 0.2828125
1 0.1171875 0.33671875 0.234375 0.3203125
1 0.74765625 0.32421875 0.465625 0.34375
1 0.37421875 0.340625 0.434375 0.3265625