1 0.3875 0.5171875 0.4125 0.2734375
1 0.7796875 0.5109375 0.440625 0.35625
1 0.11640625 0.49765625 0.2328125 0.2265625
1 0.39375 0.3890625 0.390625 0.2765625
1 0.13359375 0.37421875 0.2671875 0.2453125
1 0.75390625 0.35546875 0.4234375 0.275
1 0.4203125 0.2984375 0.346875 0.225
1 0.1640625 0.2671875 0.2828125 0.234375
1 0.73828125 0.24296875 0.396875 0.2453125
1 0.7140625 0.8578125 0.471875 0.284375
1 0.121875 0.69921875 0.24375 0.3609375
1 0.76015625 0.6828125 0.471875 0.3875
1 0.37890625 0.6828125 0.478125 0.371875