0 0.3640625 0.43359375 0.353125 0.175
0 0.74921875 0.49765625 0.4140625 0.2484375
0 0.103125 0.4109375 0.20625 0.1640625
0 0.35 0.55234375 0.33125 0.1890625
0 0.1078125 0.52890625 0.215625 0.1734375
0 0.67890625 0.63515625 0.3625 0.1765625
0 0.36328125 0.63984375 0.3 0.146875
0 0.11953125 0.63125 0.2390625 0.16875
0 0.646875 0.734375 0.34375 0.1515625
0 0.7359375 0.13046875 0.4203125 0.2484375
0 0.125 0.221875 0.2109375 0.2859375
0 0.7484375 0.334375 0.4234375 0.278125
0 0.37890625 0.2796875 0.3953125 0.265625