1 0.6546875 0.5015625 0.38125 0.2140625
1 0.2546875 0.40703125 0.4484375 0.290625
1 0.9078125 0.54375 0.184375 0.190625
1 0.678125 0.37734375 0.359375 0.2203125
1 0.90625 0.41796875 0.1875 0.2078125
1 0.33828125 0.265625 0.3921875 0.2140625
1 0.671875 0.28515625 0.3203125 0.175
1 0.8984375 0.31015625 0.203125 0.1953125
1 0.37890625 0.1609375 0.3703125 0.1875
1 0.2421875 0.7921875 0.4578125 0.29375
1 0.88359375 0.74140625 0.228125 0.3203125
1 0.24296875 0.57734375 0.4640625 0.3234375
1 0.62734375 0.6625 0.43125 0.30625