1 0.609375 0.5296875 0.3828125 0.2484375
1 0.24453125 0.3921875 0.4546875 0.33125
1 0.8609375 0.64765625 0.2640625 0.215625
1 0.56171875 0.63984375 0.3640625 0.2515625
1 0.8046875 0.753125 0.2953125 0.23125
1 0.2375 0.5484375 0.39375 0.25
1 0.5078125 0.70859375 0.3203125 0.2046875
1 0.7421875 0.8359375 0.3140625 0.2234375
1 0.21328125 0.6515625 0.3671875 0.221875
1 0.43828125 0.125 0.4578125 0.25
1 0.8953125 0.46875 0.209375 0.325
1 0.32734375 0.253125 0.471875 0.359375
1 0.671875 0.3890625 0.440625 0.3421875