1 0.59921875 0.48671875 0.346875 0.2109375
1 0.2390625 0.51484375 0.415625 0.2859375
1 0.86796875 0.48671875 0.2640625 0.2015625
1 0.60234375 0.59765625 0.33125 0.2203125
1 0.85390625 0.596875 0.2734375 0.203125
1 0.2921875 0.646875 0.3546875 0.2140625
1 0.5828125 0.678125 0.2953125 0.1765625
1 0.83203125 0.69140625 0.2875 0.1953125
1 0.3125 0.74296875 0.3359375 0.190625
1 0.28046875 0.17734375 0.41875 0.2859375
1 0.8578125 0.3109375 0.271875 0.30625
1 0.25234375 0.3640625 0.4265625 0.315625
1 0.59765625 0.34375 0.4 0.3015625