1 0.55234375 0.52578125 0.36875 0.1984375
1 0.18671875 0.478125 0.3734375 0.271875
1 0.85625 0.5375 0.2875 0.19375
1 0.5609375 0.40390625 0.3484375 0.2078125
1 0.8375 0.41484375 0.2859375 0.196875
1 0.22109375 0.33671875 0.3765625 0.2
1 0.54296875 0.31640625 0.3140625 0.1671875
1 0.815625 0.31015625 0.3015625 0.1875
1 0.246875 0.23359375 0.35625 0.175
1 0.21171875 0.8515625 0.4 0.271875
1 0.846875 0.7328125 0.30625 0.31875
1 0.1953125 0.646875 0.390625 0.3015625
1 0.5453125 0.6828125 0.4171875 0.2921875