1 0.3671875 0.484375 0.3828125 0.2171875
1 0.77109375 0.44453125 0.4484375 0.2953125
1 0.10625 0.5359375 0.2125 0.19375
1 0.3859375 0.6078125 0.359375 0.2234375
1 0.12734375 0.65625 0.2546875 0.209375
1 0.7375 0.60234375 0.3921875 0.21875
1 0.42109375 0.69140625 0.3203125 0.178125
1 0.153125 0.75625 0.30625 0.2
1 0.73359375 0.71328125 0.3671875 0.190625
1 0.65234375 0.1140625 0.4515625 0.228125
1 0.09453125 0.340625 0.1890625 0.315625
1 0.72578125 0.28125 0.4625 0.325
1 0.3421875 0.32578125 0.43125 0.309375