1 0.40390625 0.5109375 0.31484375 0.1296875
1 0.7609375 0.490625 0.365625 0.1921875
1 0.12734375 0.50703125 0.25234375 0.13671875
1 0.40390625 0.4015625 0.29296875 0.14453125
1 0.1546875 0.39921875 0.23828125 0.1390625
1 0.709375 0.3578125 0.321875 0.1296875
1 0.4234375 0.3234375 0.2671875 0.1078125
1 0.17890625 0.30546875 0.25234375 0.1296875
1 0.69140625 0.26328125 0.3078125 0.1078125
1 0.7125 0.82109375 0.3703125 0.18984375
1 0.12890625 0.68125 0.24296875 0.25
1 0.74375 0.63828125 0.3703125 0.21875
1 0.40390625 0.6515625 0.34375 0.21171875