1 0.6046875 0.57109375 0.4140625 0.3015625
1 0.253125 0.37265625 0.496875 0.390625
1 0.853125 0.6859375 0.265625 0.24375
1 0.66015625 0.459375 0.3921875 0.3
1 0.875 0.5671875 0.25 0.259375
1 0.371875 0.2625 0.421875 0.3046875
1 0.6796875 0.37109375 0.3453125 0.2484375
1 0.88359375 0.4640625 0.2328125 0.25
1 0.4375 0.175 0.3921875 0.271875
1 0.19609375 0.734375 0.3921875 0.390625
1 0.77734375 0.840625 0.3390625 0.31875
1 0.22890625 0.53203125 0.4578125 0.4203125
1 0.5359375 0.7140625 0.4828125 0.4015625