1 0.6109375 0.49296875 0.371875 0.215625
1 0.22109375 0.53046875 0.4359375 0.29375
1 0.8828125 0.48828125 0.234375 0.1921875
1 0.6171875 0.61328125 0.35 0.221875
1 0.8734375 0.60859375 0.253125 0.20625
1 0.28359375 0.67421875 0.38125 0.2171875
1 0.59765625 0.7 0.3109375 0.1765625
1 0.853125 0.70859375 0.2734375 0.1953125
1 0.30703125 0.77734375 0.35625 0.190625
1 0.26171875 0.16484375 0.44375 0.29375
1 0.8734375 0.29921875 0.253125 0.3140625
1 0.2328125 0.36796875 0.4515625 0.3203125
1 0.60546875 0.3390625 0.4203125 0.30625