1 0.58828125 0.52890625 0.3390625 0.190625
1 0.23671875 0.4390625 0.4015625 0.2609375
1 0.86328125 0.57890625 0.2734375 0.1859375
1 0.6109375 0.4203125 0.3203125 0.2
1 0.85859375 0.465625 0.265625 0.1875
1 0.31328125 0.3171875 0.346875 0.1921875
1 0.60546875 0.3390625 0.2890625 0.1609375
1 0.8515625 0.36796875 0.278125 0.178125
1 0.35 0.22734375 0.328125 0.16875
1 0.22109375 0.778125 0.40625 0.2625
1 0.82890625 0.753125 0.290625 0.2984375
1 0.22578125 0.58984375 0.4140625 0.2890625
1 0.56171875 0.66953125 0.3859375 0.2765625