1 0.5953125 0.515625 0.3265625 0.18046875
1 0.24609375 0.4375 0.384375 0.24765625
1 0.8609375 0.5953125 0.26953125 0.178125
1 0.56640625 0.62109375 0.3078125 0.18984375
1 0.80390625 0.6921875 0.2546875 0.178125
1 0.259375 0.5796875 0.334375 0.18046875
1 0.525 0.69140625 0.2765625 0.1515625
1 0.7546875 0.7765625 0.2671875 0.1703125
1 0.2515625 0.67421875 0.31484375 0.15859375
1 0.38359375 0.13203125 0.3890625 0.24765625
1 0.88359375 0.4265625 0.2328125 0.2859375
1 0.303125 0.30078125 0.39453125 0.2765625
1 0.634375 0.38125 0.3703125 0.2640625