1 0.61328125 0.51484375 0.4078125 0.284375
1 0.22734375 0.4828125 0.4546875 0.371875
1 0.8796875 0.5125 0.240625 0.2375
1 0.61640625 0.390625 0.384375 0.284375
1 0.86796875 0.39296875 0.2640625 0.2515625
1 0.27109375 0.334375 0.415625 0.2875
1 0.596875 0.30234375 0.3390625 0.234375
1 0.8453125 0.28984375 0.275 0.2421875
1 0.2953125 0.22734375 0.3875 0.25625
1 0.27265625 0.83515625 0.4671875 0.3296875
1 0.86640625 0.709375 0.2671875 0.3625
1 0.240625 0.646875 0.48125 0.4
1 0.61171875 0.6734375 0.471875 0.3828125