1 0.3859375 0.53359375 0.35078125 0.2046875
1 0.75234375 0.4328125 0.41328125 0.2765625
1 0.11875 0.58203125 0.2375 0.1859375
1 0.3609375 0.41953125 0.3296875 0.209375
1 0.11796875 0.4671875 0.2359375 0.19921875
1 0.66953125 0.30546875 0.3578125 0.20703125
1 0.36328125 0.334375 0.29296875 0.16796875
1 0.12265625 0.36796875 0.2453125 0.1875
1 0.62890625 0.21015625 0.33671875 0.18046875
1 0.775 0.78828125 0.4203125 0.27890625
1 0.16015625 0.765625 0.2546875 0.2984375
1 0.76796875 0.58984375 0.428125 0.30546875
1 0.415625 0.68046875 0.396875 0.290625