0 0.77734375 0.51953125 0.3109375 0.353125
0 0.06953125 0.66015625 0.134375 0.2453125
0 0.42109375 0.76640625 0.34375 0.40625
0 0.70546875 0.83515625 0.24375 0.3109375
0 0.92890625 0.79921875 0.1421875 0.3234375
0 0.15390625 0.87578125 0.2578125 0.2484375
0 0.07890625 0.23671875 0.1578125 0.3015625
0 0.334375 0.21171875 0.21875 0.253125
0 0.75390625 0.1734375 0.2765625 0.271875
0 0.940625 0.159375 0.078125 0.271875
0 0.5375 0.38671875 0.24375 0.3203125
0 0.2109375 0.45546875 0.271875 0.4046875
0 0.9734375 0.46796875 0.053125 0.2828125