0 0.2578125 0.48203125 0.33125 0.3671875
0 0.921875 0.68984375 0.140625 0.24375
0 0.5765625 0.75859375 0.36875 0.4203125
0 0.2921875 0.80546875 0.2671875 0.340625
0 0.08203125 0.7453125 0.1640625 0.359375
0 0.81171875 0.88046875 0.2671875 0.2390625
0 0.9359375 0.28125 0.128125 0.303125
0 0.7171875 0.22890625 0.234375 0.2640625
0 0.31484375 0.14921875 0.290625 0.2859375
0 0.11640625 0.1234375 0.1390625 0.246875
0 0.50390625 0.378125 0.265625 0.3296875
0 0.8125 0.47734375 0.3 0.4109375
0 0.05546875 0.40859375 0.1109375 0.2828125