1 0.2546875 0.5203125 0.25703125 0.30078125
1 0.93046875 0.5796875 0.13203125 0.21171875
1 0.6046875 0.7140625 0.28359375 0.34609375
1 0.35 0.81484375 0.196875 0.28828125
1 0.09609375 0.82421875 0.1875 0.34140625
1 0.8765625 0.83984375 0.240625 0.31015625
1 0.9015625 0.19140625 0.18984375 0.25703125
1 0.6296875 0.19609375 0.178125 0.21640625
1 0.24296875 0.20078125 0.2328125 0.23046875
1 0.04453125 0.203125 0.0890625 0.24296875
1 0.46171875 0.3765625 0.196875 0.27890625
1 0.7671875 0.4078125 0.2140625 0.35078125
1 0.03828125 0.49296875 0.0765625 0.25234375