1 0.26875 0.57109375 0.340625 0.3734375
1 0.93515625 0.4515625 0.1296875 0.240625
1 0.67421875 0.671875 0.3796875 0.4265625
1 0.44453125 0.834375 0.2765625 0.33125
1 0.1921875 0.86171875 0.275 0.2765625
1 0.909375 0.72734375 0.18125 0.3640625
1 0.81640625 0.109375 0.2296875 0.21875
1 0.56015625 0.14140625 0.2375 0.265625
1 0.1703125 0.2515625 0.2984375 0.296875
1 0.02421875 0.30546875 0.0484375 0.2671875
1 0.4390625 0.36875 0.275 0.334375
1 0.75546875 0.31796875 0.3109375 0.4125
1 0.0578125 0.59921875 0.115625 0.2734375