0 0.75625 0.4921875 0.33125 0.3671875
0 0.0859375 0.70078125 0.1515625 0.2453125
0 0.43671875 0.76796875 0.36875 0.4203125
0 0.72109375 0.8125 0.265625 0.334375
0 0.925 0.74921875 0.15 0.3453125
0 0.19375 0.88515625 0.275 0.2296875
0 0.07109375 0.29140625 0.1421875 0.3078125
0 0.296875 0.2390625 0.234375 0.2640625
0 0.6984375 0.159375 0.290625 0.2859375
0 0.89140625 0.1296875 0.1296875 0.259375
0 0.5109375 0.38828125 0.265625 0.3296875
0 0.20078125 0.4875 0.3 0.4109375
0 0.95078125 0.42109375 0.0984375 0.2796875