0 0.73359375 0.521875 0.35625 0.39375
0 0.0625 0.74765625 0.0890625 0.2453125
0 0.3984375 0.79765625 0.396875 0.4046875
0 0.69609375 0.83515625 0.275 0.303125
0 0.91796875 0.7625 0.1640625 0.315625
0 0.175 0.9140625 0.209375 0.171875
0 0.0390625 0.3140625 0.078125 0.309375
0 0.240625 0.26171875 0.2515625 0.2828125
0 0.66640625 0.16953125 0.3125 0.3078125
0 0.87734375 0.1359375 0.1546875 0.271875
0 0.4703125 0.41640625 0.2859375 0.353125
0 0.153125 0.5265625 0.30625 0.440625
0 0.94296875 0.440625 0.1140625 0.3