0 0.734375 0.6421875 0.3640625 0.4
0 0.04453125 0.52109375 0.0890625 0.2546875
0 0.3015625 0.74921875 0.4046875 0.45625
0 0.55625 0.87265625 0.28125 0.2546875
0 0.8078125 0.9015625 0.23125 0.196875
0 0.07265625 0.7625 0.1453125 0.284375
0 0.1609375 0.13515625 0.215625 0.2703125
0 0.4234375 0.18359375 0.2578125 0.2859375
0 0.840625 0.3015625 0.315625 0.3125
0 0.98203125 0.35625 0.0359375 0.28125
0 0.553125 0.42578125 0.29375 0.35625
0 0.2140625 0.37265625 0.334375 0.4421875
0 0.94609375 0.67109375 0.1078125 0.2890625