0 0.25625 0.5375 0.265625 0.3109375
0 0.9421875 0.60078125 0.10859375 0.2234375
0 0.61796875 0.73671875 0.29140625 0.35859375
0 0.3546875 0.840625 0.20390625 0.296875
0 0.09609375 0.834375 0.19140625 0.31953125
0 0.8859375 0.85078125 0.221875 0.2875
0 0.9125 0.19921875 0.16953125 0.27109375
0 0.64453125 0.20234375 0.1859375 0.2234375
0 0.24375 0.2078125 0.240625 0.234375
0 0.04453125 0.2125 0.0890625 0.25546875
0 0.4703125 0.38828125 0.20390625 0.2859375
0 0.7859375 0.42109375 0.221875 0.3640625
0 0.03828125 0.5109375 0.0765625 0.26640625