1 0.7703125 0.49140625 0.3078125 0.3453125
1 0.0859375 0.64921875 0.165625 0.2359375
1 0.43984375 0.73984375 0.340625 0.3953125
1 0.71484375 0.80703125 0.24375 0.3234375
1 0.92734375 0.77109375 0.1453125 0.3546875
1 0.178125 0.865625 0.2875 0.26875
1 0.0875 0.2453125 0.175 0.290625
1 0.3390625 0.2125 0.2140625 0.2484375
1 0.73671875 0.16171875 0.271875 0.2703125
1 0.92421875 0.1375 0.09375 0.2578125
1 0.5375 0.3734375 0.2421875 0.3140625
1 0.2296875 0.44921875 0.26875 0.390625
1 0.96484375 0.43125 0.0703125 0.265625