0 0.203125 0.48203125 0.3171875 0.35625
0 0.92109375 0.63671875 0.1578125 0.2484375
0 0.55703125 0.73515625 0.353125 0.4078125
0 0.26796875 0.809375 0.25 0.3375
0 0.059375 0.77421875 0.11875 0.3515625
0 0.82890625 0.86171875 0.2859375 0.2765625
0 0.91328125 0.2125 0.1734375 0.309375
0 0.65234375 0.18125 0.2234375 0.2578125
0 0.2328125 0.13671875 0.284375 0.2734375
0 0.05625 0.1265625 0.059375 0.253125
0 0.44609375 0.353125 0.25 0.325
0 0.7734375 0.42734375 0.278125 0.4046875
0 0.01875 0.428125 0.0375 0.28125