1 0.44453125 0.25390625 0.10546875 0.1296875
1 0.5578125 0.25390625 0.11796875 0.1390625
1 0.86171875 0.37109375 0.196875 0.146875
1 0.19453125 0.41953125 0.2640625 0.2140625
1 0.53828125 0.47109375 0.334375 0.303125
1 0.85546875 0.49765625 0.1609375 0.17578125
1 0.103125 0.56640625 0.14453125 0.1609375
1 0.2609375 0.58671875 0.1703125 0.1703125
1 0.865625 0.6109375 0.17578125 0.15625
1 0.5 0.07109375 0.1203125 0.12265625
1 0.5359375 0.72578125 0.15390625 0.1609375
1 0.58671875 0.8140625 0.1078125 0.09375
1 0.49375 0.82421875 0.1203125 0.1078125
1 0.85546875 0.82578125 0.1921875 0.25
1 0.196875 0.84765625 0.24765625 0.24765625
1 0.59609375 0.88125 0.1078125 0.09609375
1 0.4953125 0.921875 0.15390625 0.12265625
1 0.54453125 0.15859375 0.09375 0.1078125
1 0.45546875 0.1625 0.09375 0.1203125
1 0.1890625 0.178125 0.2859375 0.32421875
1 0.84140625 0.16953125 0.240625 0.2234375