0 0.51796875 0.53359375 0.1234375 0.1484375
0 0.6171875 0.6046875 0.1796875 0.15625
0 0.22890625 0.584375 0.2125 0.2796875
0 0.09453125 0.5828125 0.1890625 0.3
0 0.60234375 0.72265625 0.1671875 0.1546875
0 0.453125 0.69609375 0.21875 0.1890625
0 0.146875 0.61953125 0.2203125 0.2484375
0 0.825 0.8578125 0.2453125 0.26875
0 0.43125 0.8015625 0.16875 0.1734375
0 0.5671875 0.84140625 0.1765625 0.178125
0 0.66484375 0.8921875 0.1703125 0.1875
0 0.12109375 0.79140625 0.2421875 0.2859375
0 0.75 0.9484375 0.259375 0.103125