0 0.60546875 0.25859375 0.1296875 0.15
0 0.48671875 0.24296875 0.14375 0.1625
0 0.15234375 0.32109375 0.225 0.1828125
0 0.84296875 0.4703125 0.3046875 0.2609375
0 0.4765625 0.47421875 0.390625 0.3640625
0 0.140625 0.45390625 0.19375 0.20625
0 0.91328125 0.63515625 0.165625 0.1875
0 0.74921875 0.63515625 0.203125 0.203125
0 0.1140625 0.57109375 0.20625 0.1890625
0 0.57421875 0.06640625 0.1421875 0.1328125
0 0.440625 0.7390625 0.1828125 0.190625
0 0.37578125 0.8234375 0.125 0.1125
0 0.47109375 0.85 0.140625 0.1296875
0 0.1046875 0.79765625 0.209375 0.2890625
0 0.7765625 0.88515625 0.29375 0.2296875
0 0.35625 0.89296875 0.1265625 0.115625
0 0.45625 0.9375 0.175 0.125
0 0.51484375 0.14609375 0.1125 0.125
0 0.6078125 0.16171875 0.115625 0.1390625
0 0.85625 0.221875 0.2875 0.371875
0 0.20390625 0.12421875 0.2828125 0.2484375