1 0.4671875 0.26796875 0.1203125 0.1453125
1 0.5921875 0.265625 0.1328125 0.15625
1 0.909375 0.390625 0.18125 0.165625
1 0.19375 0.45625 0.296875 0.2421875
1 0.57421875 0.50625 0.375 0.3421875
1 0.91640625 0.528125 0.1671875 0.196875
1 0.0953125 0.6203125 0.1625 0.18125
1 0.26953125 0.63984375 0.1921875 0.1921875
1 0.91953125 0.653125 0.1609375 0.175
1 0.5234375 0.06640625 0.134375 0.1328125
1 0.5765625 0.78828125 0.1734375 0.18125
1 0.634375 0.884375 0.121875 0.10625
1 0.53203125 0.8984375 0.134375 0.121875
1 0.91171875 0.87265625 0.1765625 0.2421875
1 0.2015625 0.8953125 0.278125 0.209375
1 0.64453125 0.95078125 0.121875 0.0953125
1 0.534375 0.96796875 0.171875 0.0640625
1 0.575 0.1609375 0.10625 0.121875
1 0.47734375 0.16640625 0.10625 0.134375
1 0.18203125 0.1890625 0.321875 0.3640625
1 0.8828125 0.1671875 0.228125 0.2515625