0 0.46953125 0.5453125 0.1140625 0.14375
0 0.3484375 0.5765625 0.1734375 0.1453125
0 0.728125 0.70078125 0.190625 0.275
0 0.88046875 0.75703125 0.2140625 0.2921875
0 0.31875 0.69609375 0.159375 0.1453125
0 0.47265625 0.725 0.2109375 0.175
0 0.7953125 0.76484375 0.20625 0.2390625
0 0.084375 0.74375 0.16875 0.25625
0 0.453125 0.83515625 0.1578125 0.1640625
0 0.30859375 0.821875 0.1671875 0.16875
0 0.196875 0.8359375 0.1578125 0.1796875
0 0.80078125 0.9109375 0.3171875 0.178125
0 0.1 0.890625 0.2 0.15