1 0.51953125 0.22421875 0.146875 0.165625
1 0.640625 0.25390625 0.1625 0.1796875
1 0.903125 0.45625 0.19375 0.203125
1 0.21015625 0.334375 0.3375 0.296875
1 0.5625 0.4796875 0.434375 0.409375
1 0.89140625 0.5921875 0.2171875 0.2296875
1 0.0859375 0.465625 0.171875 0.209375
1 0.23671875 0.5296875 0.2265625 0.2265625
1 0.8671875 0.7125 0.2203125 0.2109375
1 0.62265625 0.0640625 0.15 0.1234375
1 0.49140625 0.75 0.20625 0.2125
1 0.521875 0.85625 0.140625 0.128125
1 0.42109375 0.84375 0.15625 0.146875
1 0.8015625 0.890625 0.2625 0.21875
1 0.13125 0.7828125 0.2625 0.315625
1 0.51484375 0.93125 0.140625 0.13125
1 0.39921875 0.93046875 0.1890625 0.1390625
1 0.65078125 0.14921875 0.128125 0.140625
1 0.55625 0.1296875 0.13125 0.1515625
1 0.2640625 0.14140625 0.38125 0.2828125
1 0.903125 0.2375 0.19375 0.296875