0 0.4265625 0.2546875 0.121875 0.1421875
0 0.54140625 0.24375 0.134375 0.1546875
0 0.8625 0.33046875 0.2140625 0.1703125
0 0.1890625 0.4515625 0.2890625 0.2453125
0 0.54375 0.4671875 0.3703125 0.3421875
0 0.86953125 0.459375 0.18125 0.19375
0 0.11171875 0.61015625 0.1625 0.178125
0 0.275 0.6140625 0.1921875 0.1921875
0 0.89140625 0.57421875 0.1953125 0.178125
0 0.46171875 0.06640625 0.1359375 0.1328125
0 0.5703125 0.725 0.171875 0.1796875
0 0.6296875 0.81015625 0.11875 0.10625
0 0.53671875 0.83046875 0.1328125 0.121875
0 0.89765625 0.79375 0.2046875 0.275
0 0.23671875 0.87421875 0.2765625 0.2515625
0 0.64609375 0.87734375 0.11875 0.109375
0 0.54921875 0.93046875 0.16875 0.1390625
0 0.5171875 0.1484375 0.10625 0.11875
0 0.42734375 0.1609375 0.1078125 0.13125
0 0.16015625 0.20625 0.3203125 0.359375
0 0.8203125 0.12734375 0.2671875 0.2515625