0 0.49296875 0.521875 0.09140625 0.1234375
0 0.384375 0.56484375 0.146875 0.11796875
0 0.75 0.6359375 0.15 0.2390625
0 0.9 0.67109375 0.175 0.253125
0 0.371875 0.678125 0.134375 0.11953125
0 0.51640625 0.6875 0.18046875 0.14140625
0 0.81875 0.6875 0.16796875 0.203125
0 0.1234375 0.75234375 0.20859375 0.21796875
0 0.51171875 0.790625 0.13203125 0.1375
0 0.3765625 0.79609375 0.1390625 0.14140625
0 0.27421875 0.82109375 0.12890625 0.153125
0 0.8453125 0.86328125 0.2765625 0.2140625
0 0.17109375 0.91328125 0.21953125 0.16796875