1 0.54921875 0.2453125 0.1171875 0.14375
1 0.42578125 0.24296875 0.13125 0.153125
1 0.10234375 0.36484375 0.203125 0.1625
1 0.81796875 0.43125 0.2921875 0.2375
1 0.4421875 0.48125 0.3703125 0.3359375
1 0.096875 0.503125 0.1796875 0.19375
1 0.91484375 0.5921875 0.159375 0.178125
1 0.74296875 0.6109375 0.1890625 0.1890625
1 0.09140625 0.62421875 0.1828125 0.1734375
1 0.49140625 0.05625 0.1328125 0.1125
1 0.440625 0.75859375 0.1703125 0.178125
1 0.38359375 0.85234375 0.1203125 0.1046875
1 0.484375 0.86640625 0.1328125 0.1203125
1 0.0984375 0.85703125 0.196875 0.2734375
1 0.80859375 0.8796875 0.2734375 0.240625
1 0.371875 0.92578125 0.1203125 0.10625
1 0.48125 0.9515625 0.16875 0.096875
1 0.4421875 0.140625 0.1046875 0.1203125
1 0.5390625 0.14609375 0.1046875 0.1328125
1 0.82890625 0.17421875 0.3171875 0.3421875
1 0.128125 0.146875 0.2484375 0.2484375