0 0.4890625 0.5203125 0.1046875 0.1359375
0 0.60078125 0.57265625 0.1625 0.1328125
0 0.21015625 0.628125 0.171875 0.2625
0 0.075 0.65703125 0.15 0.2765625
0 0.60859375 0.69375 0.15 0.134375
0 0.4546875 0.6953125 0.1984375 0.1609375
0 0.13359375 0.67890625 0.1890625 0.225
0 0.8671875 0.7859375 0.2328125 0.2421875
0 0.453125 0.80546875 0.146875 0.153125
0 0.596875 0.81796875 0.1546875 0.1578125
0 0.70390625 0.85 0.1453125 0.16875
0 0.12421875 0.8640625 0.2484375 0.240625
0 0.809375 0.92890625 0.240625 0.1421875