0 0.50703125 0.52890625 0.1140625 0.1421875
0 0.6265625 0.55859375 0.171875 0.1453125
0 0.25546875 0.68671875 0.1921875 0.271875
0 0.11328125 0.74375 0.2015625 0.2875
0 0.65703125 0.675 0.1578125 0.14375
0 0.50703125 0.70625 0.209375 0.175
0 0.19140625 0.75078125 0.2046875 0.2359375
0 0.90078125 0.71640625 0.1984375 0.2578125
0 0.5265625 0.8140625 0.1578125 0.1625
0 0.66875 0.79921875 0.165625 0.16875
0 0.7796875 0.81015625 0.1578125 0.178125
0 0.196875 0.90234375 0.30625 0.1953125
0 0.88671875 0.87578125 0.2265625 0.1765625