0 0.44921875 0.25234375 0.10390625 0.128125
0 0.5625 0.2546875 0.115625 0.1375
0 0.8640625 0.37734375 0.19296875 0.14453125
0 0.19609375 0.41484375 0.259375 0.209375
0 0.53828125 0.471875 0.328125 0.296875
0 0.85546875 0.503125 0.15859375 0.171875
0 0.10234375 0.559375 0.14140625 0.15859375
0 0.259375 0.5828125 0.16796875 0.16796875
0 0.86328125 0.61640625 0.1734375 0.15390625
0 0.50703125 0.07109375 0.11796875 0.12109375
0 0.5328125 0.72578125 0.15 0.15859375
0 0.58046875 0.81484375 0.10546875 0.09140625
0 0.48828125 0.82421875 0.11796875 0.10546875
0 0.85 0.83203125 0.1875 0.246875
0 0.190625 0.8421875 0.24296875 0.24296875
0 0.5890625 0.88203125 0.10546875 0.09453125
0 0.48828125 0.921875 0.1515625 0.11953125
0 0.55078125 0.159375 0.09140625 0.10546875
0 0.46171875 0.1609375 0.09140625 0.11796875
0 0.19453125 0.17265625 0.28046875 0.31953125
0 0.846875 0.17578125 0.2359375 0.21953125