1 0.6125 0.190625 0.125 0.15
1 0.4875 0.184375 0.1390625 0.1609375
1 0.14453125 0.29609375 0.2265625 0.1734375
1 0.86328125 0.38671875 0.2734375 0.2515625
1 0.49609375 0.42578125 0.3859375 0.3546875
1 0.14375 0.4359375 0.1875 0.203125
1 0.94296875 0.55390625 0.1140625 0.1828125
1 0.79609375 0.56875 0.1984375 0.1984375
1 0.1265625 0.56015625 0.203125 0.1828125
1 0.56015625 0.02734375 0.1359375 0.0546875
1 0.48359375 0.70703125 0.1796875 0.1875
1 0.4234375 0.80078125 0.125 0.109375
1 0.525 0.81796875 0.1390625 0.1265625
1 0.12421875 0.7984375 0.2265625 0.2875
1 0.84765625 0.8578125 0.2796875 0.284375
1 0.40859375 0.875 0.125 0.1125
1 0.51796875 0.92578125 0.1765625 0.1453125
1 0.50703125 0.0796875 0.109375 0.125
1 0.60546875 0.08828125 0.1109375 0.1375
1 0.865625 0.159375 0.26875 0.29375
1 0.17734375 0.10234375 0.2765625 0.2046875